1 0.42109375 0.2875 0.034375 0.03671875
0 0.90234375 0.3671875 0.0171875 0.1640625
0 0.78828125 0.3421875 0.0125 0.128125
0 0.7109375 0.32890625 0.0125 0.103125
0 0.65546875 0.32109375 0.01484375 0.09296875
0 0.6171875 0.31328125 0.00859375 0.08515625
0 0.58515625 0.30859375 0.01015625 0.0703125
0 0.56171875 0.30703125 0.00703125 0.06328125
2 0.58828125 0.26953125 0.0125 0.09296875
0 0.31484375 0.2953125 0.003125 0.04453125
0 0.28984375 0.29453125 0.0046875 0.04921875
0 0.32890625 0.2921875 0.0046875 0.03671875
0 0.340625 0.29375 0.003125 0.03671875
1 0.19036220937499998 0.27366076562499997 0.19884038125 0.299620815625 0.1986773421875 0.349436021875 0.23862253125000002 0.344524684375 0.2409051296875 0.297165159375 0.2355247515625 0.23226502343750002 0.205688125 0.21332120312499997 0.16655813125000002 0.1828006296875 0.14438447031249999 0.1852562984375 0.108889128125 0.192921425 0.126449890625 0.23121259218749998 0.1601995046875 0.2519104703125 0.19036220937499998 0.27366076562499997
1 0.023026828125000003 0.40895978125 0.04812989375 0.40821988124999997 0.11793710312500001 0.3778835234375 0.1292850828125 0.3268297 0.1227513984375 0.2402601359375 0.0945534015625 0.1529506734375 0.0790788984375 0.1455515671875 0.0005158937500000001 0.1388372484375 0 0.37714368125000003 0.0144298828125 0.37492389843749996 0.023026828125000003 0.40895978125
1 0.1818148984375 0.26689691249999997 0.119573015625 0.22176236875000002 0.12713834375 0.3105516578125 0.11716588125 0.3741839703125 0.1876608375 0.372704171875 0.20175982343749999 0.3334888796875 0.195913909375 0.27799557343750003 0.1818148984375 0.26689691249999997