2 0.61640625 0.27890625 0.0515625 0.24296875
2 0.31171875 0.30390625 0.015625 0.075
0 0.1734375 0.3546875 0.009375 0.12734375
0 0.2390625 0.35234375 0.0140625 0.109375
0 0.28359375 0.35546875 0.009375 0.08984375
0 0.3171875 0.34921875 0.0078125 0.078125
0 0.340625 0.3453125 0.00859375 0.065625
0 0.36015625 0.33828125 0.00546875 0.06484375
0 0.92734375 0.38828125 0.0203125 0.18046875
0 0.828125 0.35390625 0.01953125 0.14453125
0 0.76484375 0.3546875 0.0140625 0.11640625
0 0.07578125 0.37421875 0.0171875 0.17421875