2 0.06640625 0.2578125 0.096875 0.515625
0 0.18046875 0.35859375 0.0171875 0.14140625
0 0.2421875 0.33828125 0.0125 0.11953125
0 0.28046875 0.328125 0.0125 0.090625
0 0.31015625 0.32890625 0.00546875 0.078125
2 0.26328125 0.2859375 0.01640625 0.0765625
0 0.33046875 0.32265625 0.00703125 0.07421875
2 0.6359375 0.290625 0.02265625 0.11796875
0 0.6875 0.3359375 0.00625 0.0796875
0 0.7234375 0.3421875 0.01171875 0.09140625
0 0.76796875 0.3515625 0.00859375 0.1109375
0 0.63828125 0.32890625 0.00546875 0.06015625
0 0.6234375 0.325 0.00546875 0.0578125