2 0.6625 0.28046875 0.021875 0.13125
2 0.734375 0.28359375 0.01953125 0.128125
2 0.3203125 0.26875 0.01484375 0.06328125
1 0.02109375 0.27265625 0.0421875 0.28828125
0 0.1203125 0.3125 0.009375 0.11796875
0 0.19921875 0.30625 0.009375 0.096875
0 0.24609375 0.303125 0.00703125 0.084375
0 0.28046875 0.3 0.00546875 0.0734375
0 0.30703125 0.3015625 0.00546875 0.06171875
0 0.32890625 0.3046875 0.00390625 0.05546875
0 0.3453125 0.30703125 0.00390625 0.046875
0 0.359375 0.30859375 0.00390625 0.046875
0 0.3703125 0.30703125 0.00390625 0.04375
0 0.38125 0.30625 0.00390625 0.0453125
0 0.38984375 0.3046875 0.00390625 0.0375
0 0.8203125 0.359375 0.015625 0.1734375
0 0.98203125 0.4078125 0.02578125 0.23203125
0 0.740625 0.33984375 0.00859375 0.12421875
0 0.69453125 0.32890625 0.01015625 0.109375
0 0.66171875 0.3203125 0.009375 0.084375
0 0.6390625 0.31640625 0.00546875 0.0765625
0 0.621875 0.31484375 0.00546875 0.06796875
0 0.6078125 0.309375 0.00703125 0.059375